 1.00000000e-02  6.85397466e+01  1.00000000e-02 -2.95286658e-04 
 1.12201845e-02  6.85397466e+01  1.12201845e-02 -3.31317079e-04 
 1.25892541e-02  6.85397466e+01  1.25892541e-02 -3.71743877e-04 
 1.41253754e-02  6.85397466e+01  1.41253754e-02 -4.17103491e-04 
 1.58489319e-02  6.85397466e+01  1.58489319e-02 -4.67997814e-04 
 1.77827941e-02  6.85397466e+01  1.77827941e-02 -5.25102184e-04 
 1.99526231e-02  6.85397466e+01  1.99526231e-02 -5.89174341e-04 
 2.23872114e-02  6.85397466e+01  2.23872114e-02 -6.61064483e-04 
 2.51188643e-02  6.85397466e+01  2.51188643e-02 -7.41726549e-04 
 2.81838293e-02  6.85397466e+01  2.81838293e-02 -8.32230876e-04 
 3.16227766e-02  6.85397466e+01  3.16227766e-02 -9.33778402e-04 
 3.54813389e-02  6.85397466e+01  3.54813389e-02 -1.04771660e-03 
 3.98107171e-02  6.85397466e+01  3.98107171e-02 -1.17555736e-03 
 4.46683592e-02  6.85397466e+01  4.46683592e-02 -1.31899705e-03 
 5.01187234e-02  6.85397466e+01  5.01187234e-02 -1.47993903e-03 
 5.62341325e-02  6.85397466e+01  5.62341325e-02 -1.66051890e-03 
 6.30957344e-02  6.85397466e+01  6.30957344e-02 -1.86313285e-03 
 7.07945784e-02  6.85397466e+01  7.07945784e-02 -2.09046945e-03 
 7.94328235e-02  6.85397466e+01  7.94328235e-02 -2.34554530e-03 
 8.91250938e-02  6.85397466e+01  8.91250938e-02 -2.63174511e-03 
 1.00000000e-01  6.85397466e+01  1.00000000e-01 -2.95286658e-03 
 1.12201845e-01  6.85397466e+01  1.12201845e-01 -3.31317079e-03 
 1.25892541e-01  6.85397466e+01  1.25892541e-01 -3.71743877e-03 
 1.41253754e-01  6.85397466e+01  1.41253754e-01 -4.17103490e-03 
 1.58489319e-01  6.85397466e+01  1.58489319e-01 -4.67997813e-03 
 1.77827941e-01  6.85397466e+01  1.77827941e-01 -5.25102182e-03 
 1.99526231e-01  6.85397465e+01  1.99526231e-01 -5.89174339e-03 
 2.23872114e-01  6.85397465e+01  2.23872114e-01 -6.61064480e-03 
 2.51188643e-01  6.85397465e+01  2.51188643e-01 -7.41726545e-03 
 2.81838293e-01  6.85397465e+01  2.81838293e-01 -8.32230871e-03 
 3.16227766e-01  6.85397465e+01  3.16227766e-01 -9.33778393e-03 
 3.54813389e-01  6.85397465e+01  3.54813389e-01 -1.04771659e-02 
 3.98107171e-01  6.85397464e+01  3.98107171e-01 -1.17555734e-02 
 4.46683592e-01  6.85397464e+01  4.46683592e-01 -1.31899703e-02 
 5.01187234e-01  6.85397463e+01  5.01187234e-01 -1.47993900e-02 
 5.62341325e-01  6.85397462e+01  5.62341325e-01 -1.66051886e-02 
 6.30957344e-01  6.85397461e+01  6.30957344e-01 -1.86313279e-02 
 7.07945784e-01  6.85397460e+01  7.07945784e-01 -2.09046935e-02 
 7.94328235e-01  6.85397459e+01  7.94328235e-01 -2.34554517e-02 
 8.91250938e-01  6.85397457e+01  8.91250938e-01 -2.63174492e-02 
 1.00000000e+00  6.85397454e+01  1.00000000e+00 -2.95286632e-02 
 1.12201845e+00  6.85397451e+01  1.12201845e+00 -3.31317043e-02 
 1.25892541e+00  6.85397448e+01  1.25892541e+00 -3.71743825e-02 
 1.41253754e+00  6.85397443e+01  1.41253754e+00 -4.17103417e-02 
 1.58489319e+00  6.85397437e+01  1.58489319e+00 -4.67997710e-02 
 1.77827941e+00  6.85397429e+01  1.77827941e+00 -5.25102037e-02 
 1.99526231e+00  6.85397420e+01  1.99526231e+00 -5.89174133e-02 
 2.23872114e+00  6.85397408e+01  2.23872114e+00 -6.61064190e-02 
 2.51188643e+00  6.85397393e+01  2.51188643e+00 -7.41726135e-02 
 2.81838293e+00  6.85397374e+01  2.81838293e+00 -8.32230292e-02 
 3.16227766e+00  6.85397351e+01  3.16227766e+00 -9.33777575e-02 
 3.54813389e+00  6.85397321e+01  3.54813389e+00 -1.04771543e-01 
 3.98107171e+00  6.85397283e+01  3.98107171e+00 -1.17555571e-01 
 4.46683592e+00  6.85397236e+01  4.46683592e+00 -1.31899472e-01 
 5.01187234e+00  6.85397176e+01  5.01187234e+00 -1.47993574e-01 
 5.62341325e+00  6.85397101e+01  5.62341325e+00 -1.66051426e-01 
 6.30957344e+00  6.85397007e+01  6.30957344e+00 -1.86312629e-01 
 7.07945784e+00  6.85396888e+01  7.07945784e+00 -2.09046018e-01 
 7.94328235e+00  6.85396738e+01  7.94328235e+00 -2.34553220e-01 
 8.91250938e+00  6.85396550e+01  8.91250938e+00 -2.63172661e-01 
 1.00000000e+01  6.85396313e+01  1.00000000e+01 -2.95284045e-01 
 1.12201845e+01  6.85396014e+01  1.12201845e+01 -3.31313389e-01 
 1.25892541e+01  6.85395639e+01  1.25892541e+01 -3.71738665e-01 
 1.41253754e+01  6.85395165e+01  1.41253754e+01 -4.17096127e-01 
 1.58489319e+01  6.85394570e+01  1.58489319e+01 -4.67987413e-01 
 1.77827941e+01  6.85393820e+01  1.77827941e+01 -5.25087492e-01 
 1.99526231e+01  6.85392876e+01  1.99526231e+01 -5.89153589e-01 
 2.23872114e+01  6.85391688e+01  2.23872114e+01 -6.61035171e-01 
 2.51188643e+01  6.85390191e+01  2.51188643e+01 -7.41685146e-01 
 2.81838293e+01  6.85388308e+01  2.81838293e+01 -8.32172394e-01 
 3.16227766e+01  6.85385937e+01  3.16227766e+01 -9.33695795e-01 
 3.54813389e+01  6.85382953e+01  3.54813389e+01 -1.04759992e+00 
 3.98107171e+01  6.85379196e+01  3.98107171e+01 -1.17539255e+00 
 4.46683592e+01  6.85374466e+01  4.46683592e+01 -1.31876427e+00 
 5.01187234e+01  6.85368513e+01  5.01187234e+01 -1.47961025e+00 
 5.62341325e+01  6.85361019e+01  5.62341325e+01 -1.66005453e+00 
 6.30957344e+01  6.85351587e+01  6.30957344e+01 -1.86247700e+00 
 7.07945784e+01  6.85339716e+01  7.07945784e+01 -2.08954318e+00 
 7.94328235e+01  6.85324776e+01  7.94328235e+01 -2.34423718e+00 
 8.91250938e+01  6.85305974e+01  8.91250938e+01 -2.62989782e+00 
 1.00000000e+02  6.85282316e+01  1.00000000e+02 -2.95025807e+00 
 1.12201845e+02  6.85252551e+01  1.12201845e+02 -3.30948769e+00 
 1.25892541e+02  6.85215107e+01  1.25892541e+02 -3.71223894e+00 
 1.41253754e+02  6.85168014e+01  1.41253754e+02 -4.16369473e+00 
 1.58489319e+02  6.85108800e+01  1.58489319e+02 -4.66961835e+00 
 1.77827941e+02  6.85034369e+01  1.77827941e+02 -5.23640330e+00 
 1.99526231e+02  6.84940847e+01  1.99526231e+02 -5.87112088e+00 
 2.23872114e+02  6.84823395e+01  2.23872114e+02 -6.58156206e+00 
 2.51188643e+02  6.84675981e+01  2.51188643e+02 -7.37626878e+00 
 2.81838293e+02  6.84491108e+01  2.81838293e+02 -8.26454757e+00 
 3.16227766e+02  6.84259479e+01  3.16227766e+02 -9.25645588e+00 
 3.54813389e+02  6.83969622e+01  3.54813389e+02 -1.03627484e+01 
 3.98107171e+02  6.83607443e+01  3.98107171e+02 -1.15947662e+01 
 4.46683592e+02  6.83155740e+01  4.46683592e+02 -1.29642483e+01 
 5.01187234e+02  6.82593678e+01  5.01187234e+02 -1.44830400e+01 
 5.62341325e+02  6.81896274e+01  5.62341325e+02 -1.61626701e+01 
 6.30957344e+02  6.81033925e+01  6.30957344e+02 -1.80137709e+01 
 7.07945784e+02  6.79972086e+01  7.07945784e+02 -2.00453177e+01 
 7.94328235e+02  6.78671198e+01  7.94328235e+02 -2.22636857e+01 
 8.91250938e+02  6.77087011e+01  8.91250938e+02 -2.46715454e+01 
 1.00000000e+03  6.75171448e+01  1.00000000e+03 -2.72666666e+01 
 1.12201845e+03  6.72874152e+01  1.12201845e+03 -3.00407548e+01 
 1.25892541e+03  6.70144781e+01  1.25892541e+03 -3.29785043e+01 
 1.41253754e+03  6.66935967e+01  1.41253754e+03 -3.60570927e+01 
 1.58489319e+03  6.63206734e+01  1.58489319e+03 -3.92463395e+01 
 1.77827941e+03  6.58925914e+01  1.77827941e+03 -4.25096832e+01 
 1.99526231e+03  6.54075055e+01  1.99526231e+03 -4.58059878e+01 
 2.23872114e+03  6.48650255e+01  2.23872114e+03 -4.90920091e+01 
 2.51188643e+03  6.42662560e+01  2.51188643e+03 -5.23251828e+01 
 2.81838293e+03  6.36136845e+01  2.81838293e+03 -5.54663080e+01 
 3.16227766e+03  6.29109405e+01  3.16227766e+03 -5.84817290e+01 
 3.54813389e+03  6.21624731e+01  3.54813389e+03 -6.13447528e+01 
 3.98107171e+03  6.13732025e+01  3.98107171e+03 -6.40362207e+01 
 4.46683592e+03  6.05481970e+01  4.46683592e+03 -6.65443230e+01 
 5.01187234e+03  5.96924065e+01  5.01187234e+03 -6.88638514e+01 
 5.62341325e+03  5.88104695e+01  5.62341325e+03 -7.09951227e+01 
 6.30957344e+03  5.79065924e+01  6.30957344e+03 -7.29427803e+01 
 7.07945784e+03  5.69844911e+01  7.07945784e+03 -7.47146310e+01 
 7.94328235e+03  5.60473793e+01  7.94328235e+03 -7.63206136e+01 
 8.91250938e+03  5.50979902e+01  8.91250938e+03 -7.77719431e+01 
 1.00000000e+04  5.41386160e+01  1.00000000e+04 -7.90804403e+01 
 1.12201845e+04  5.31711588e+01  1.12201845e+04 -8.02580312e+01 
 1.25892541e+04  5.21971828e+01  1.25892541e+04 -8.13163925e+01 
 1.41253754e+04  5.12179653e+01  1.41253754e+04 -8.22667139e+01 
 1.58489319e+04  5.02345437e+01  1.58489319e+04 -8.31195515e+01 
 1.77827941e+04  4.92477564e+01  1.77827941e+04 -8.38847485e+01 
 1.99526231e+04  4.82582788e+01  1.99526231e+04 -8.45714045e+01 
 2.23872114e+04  4.72666533e+01  2.23872114e+04 -8.51878786e+01 
 2.51188643e+04  4.62733145e+01  2.51188643e+04 -8.57418145e+01 
 2.81838293e+04  4.52786099e+01  2.81838293e+04 -8.62401810e+01 
 3.16227766e+04  4.42828169e+01  3.16227766e+04 -8.66893198e+01 
 3.54813389e+04  4.32861567e+01  3.54813389e+04 -8.70949979e+01 
 3.98107171e+04  4.22888052e+01  3.98107171e+04 -8.74624615e+01 
 4.46683592e+04  4.12909025e+01  4.46683592e+04 -8.77964896e+01 
 5.01187234e+04  4.02925594e+01  5.01187234e+04 -8.81014456e+01 
 5.62341325e+04  3.92938637e+01  5.62341325e+04 -8.83813271e+01 
 6.30957344e+04  3.82948845e+01  6.30957344e+04 -8.86398133e+01 
 7.07945784e+04  3.72956761e+01  7.07945784e+04 -8.88803096e+01 
 7.94328235e+04  3.62962805e+01  7.94328235e+04 -8.91059894e+01 
 8.91250938e+04  3.52967298e+01  8.91250938e+04 -8.93198347e+01 
 1.00000000e+05  3.42970478e+01  1.00000000e+05 -8.95246740e+01 
 1.12201845e+05  3.32972516e+01  1.12201845e+05 -8.97232183e+01 
 1.25892541e+05  3.22973519e+01  1.25892541e+05 -8.99180967e+01 
 1.41253754e+05  3.12973541e+01  1.41253754e+05 -9.01118906e+01 
 1.58489319e+05  3.02972582e+01  1.58489319e+05 -9.03071672e+01 
 1.77827941e+05  2.92970592e+01  1.77827941e+05 -9.05065130e+01 
 1.99526231e+05  2.82967465e+01  1.99526231e+05 -9.07125678e+01 
 2.23872114e+05  2.72963035e+01  2.23872114e+05 -9.09280590e+01 
 2.51188643e+05  2.62957066e+01  2.51188643e+05 -9.11558369e+01 
 2.81838293e+05  2.52949241e+01  2.81838293e+05 -9.13989115e+01 
 3.16227766e+05  2.42939145e+01  3.16227766e+05 -9.16604909e+01 
 3.54813389e+05  2.32926242e+01  3.54813389e+05 -9.19440216e+01 
 3.98107171e+05  2.22909846e+01  3.98107171e+05 -9.22532317e+01 
 4.46683592e+05  2.12889091e+01  4.46683592e+05 -9.25921761e+01 
 5.01187234e+05  2.02862877e+01  5.01187234e+05 -9.29652844e+01 
 5.62341325e+05  1.92829821e+01  5.62341325e+05 -9.33774118e+01 
 6.30957344e+05  1.82788179e+01  6.30957344e+05 -9.38338920e+01 
 7.07945784e+05  1.72735762e+01  7.07945784e+05 -9.43405922e+01 
 7.94328235e+05  1.62669825e+01  7.94328235e+05 -9.49039684e+01 
 8.91250938e+05  1.52586926e+01  8.91250938e+05 -9.55311200e+01 
 1.00000000e+06  1.42482763e+01  1.00000000e+06 -9.62298400e+01 
 1.12201845e+06  1.32351965e+01  1.12201845e+06 -9.70086579e+01 
 1.25892541e+06  1.22187843e+01  1.25892541e+06 -9.78768687e+01 
 1.41253754e+06  1.11982093e+01  1.41253754e+06 -9.88445397e+01 
 1.58489319e+06  1.01724440e+01  1.58489319e+06 -9.99224851e+01 
 1.77827941e+06  9.14022277e+00  1.77827941e+06 -1.01122193e+02 
 1.99526231e+06  8.09999554e+00  1.99526231e+06 -1.02455686e+02 
 2.23872114e+06  7.04987688e+00  2.23872114e+06 -1.03935292e+02 
 2.51188643e+06  5.98759348e+00  2.51188643e+06 -1.05573302e+02 
 2.81838293e+06  4.91043396e+00  2.81838293e+06 -1.07381481e+02 
 3.16227766e+06  3.81520803e+00  3.16227766e+06 -1.09370413e+02 
 3.54813389e+06  2.69822455e+00  3.54813389e+06 -1.11548657e+02 
 3.98107171e+06  1.55530143e+00  3.98107171e+06 -1.13921737e+02 
 4.46683592e+06  3.81822264e-01  4.46683592e+06 -1.16490986e+02 
 5.01187234e+06 -8.27145532e-01  5.01187234e+06 -1.19252361e+02 
 5.62341325e+06 -2.07666030e+00  5.62341325e+06 -1.22195369e+02 
 6.30957344e+06 -3.37164250e+00  6.30957344e+06 -1.25302314e+02 
 7.07945784e+06 -4.71655207e+00  7.07945784e+06 -1.28548101e+02 
 7.94328235e+06 -6.11503976e+00  7.94328235e+06 -1.31900787e+02 
 8.91250938e+06 -7.56962147e+00  8.91250938e+06 -1.35322988e+02 
 1.00000000e+07 -9.08143162e+00  1.00000000e+07 -1.38774050e+02 
 1.12201845e+07 -1.06501034e+01  1.12201845e+07 -1.42212745e+02 
 1.25892541e+07 -1.22738003e+01  1.25892541e+07 -1.45600090e+02 
 1.41253754e+07 -1.39493919e+01  1.41253754e+07 -1.48901865e+02 
 1.58489319e+07 -1.56727371e+01  1.58489319e+07 -1.52090482e+02 
 1.77827941e+07 -1.74390219e+01  1.77827941e+07 -1.55146038e+02 
 1.99526231e+07 -1.92430958e+01  1.99526231e+07 -1.58056544e+02 
 2.23872114e+07 -2.10797644e+01  2.23872114e+07 -1.60817490e+02 
 2.51188643e+07 -2.29440138e+01  2.51188643e+07 -1.63430961e+02 
 2.81838293e+07 -2.48311576e+01  2.81838293e+07 -1.65904537e+02 
 3.16227766e+07 -2.67369137e+01  3.16227766e+07 -1.68250156e+02 
 3.54813389e+07 -2.86574224e+01  3.54813389e+07 -1.70483070e+02 
 3.98107171e+07 -3.05892203e+01  3.98107171e+07 -1.72620974e+02 
 4.46683592e+07 -3.25291839e+01  4.46683592e+07 -1.74683311e+02 
 5.01187234e+07 -3.44744525e+01  5.01187234e+07 -1.76690778e+02 
 5.62341325e+07 -3.64223381e+01  5.62341325e+07 -1.78664987e+02 
 6.30957344e+07 -3.83702263e+01  6.30957344e+07  1.79371729e+02 
 7.07945784e+07 -4.03154704e+01  7.07945784e+07  1.77396404e+02 
 7.94328235e+07 -4.22552801e+01  7.94328235e+07  1.75385443e+02 
 8.91250938e+07 -4.41866038e+01  8.91250938e+07  1.73314559e+02 
 1.00000000e+08 -4.61060070e+01  1.00000000e+08  1.71158684e+02 
 1.12201845e+08 -4.80095489e+01  1.12201845e+08  1.68891862e+02 
 1.25892541e+08 -4.98926625e+01  1.25892541e+08  1.66487177e+02 
 1.41253754e+08 -5.17500473e+01  1.41253754e+08  1.63916773e+02 
 1.58489319e+08 -5.35755863e+01  1.58489319e+08  1.61152067e+02 
 1.77827941e+08 -5.53622989e+01  1.77827941e+08  1.58164289e+02 
 1.99526231e+08 -5.71023395e+01  1.99526231e+08  1.54925501e+02 
 2.23872114e+08 -5.87870443e+01  2.23872114e+08  1.51410236e+02 
 2.51188643e+08 -6.04070221e+01  2.51188643e+08  1.47597774e+02 
 2.81838293e+08 -6.19522815e+01  2.81838293e+08  1.43474900e+02 
 3.16227766e+08 -6.34123981e+01  3.16227766e+08  1.39038725e+02 
 3.54813389e+08 -6.47767409e+01  3.54813389e+08  1.34298984e+02 
 3.98107171e+08 -6.60347928e+01  3.98107171e+08  1.29279170e+02 
 4.46683592e+08 -6.71766059e+01  4.46683592e+08  1.24016004e+02 
 5.01187234e+08 -6.81934000e+01  5.01187234e+08  1.18557065e+02 
 5.62341325e+08 -6.90782737e+01  5.62341325e+08  1.12956835e+02 
 6.30957344e+08 -6.98269451e+01  6.30957344e+08  1.07271744e+02 
 7.07945784e+08 -7.04384083e+01  7.07945784e+08  1.01555103e+02 
 7.94328235e+08 -7.09153862e+01  7.94328235e+08  9.58528643e+01 
 8.91250938e+08 -7.12644862e+01  8.91250938e+08  9.02009926e+01 
 1.00000000e+09 -7.14960089e+01  1.00000000e+09  8.46248883e+01 
 1.12201845e+09 -7.16234132e+01  1.12201845e+09  7.91408055e+01 
 1.25892541e+09 -7.16624918e+01  1.25892541e+09  7.37587388e+01 
 1.41253754e+09 -7.16303523e+01  1.41253754e+09  6.84859384e+01 
 1.58489319e+09 -7.15443256e+01  1.58489319e+09  6.33301317e+01 
 1.77827941e+09 -7.14209282e+01  1.77827941e+09  5.83017119e+01 
 1.99526231e+09 -7.12749928e+01  1.99526231e+09  5.34144978e+01 
 2.23872114e+09 -7.11190543e+01  2.23872114e+09  4.86850831e+01 
 2.51188643e+09 -7.09630297e+01  2.51188643e+09  4.41311339e+01 
 2.81838293e+09 -7.08141885e+01  2.81838293e+09  3.97691885e+01 
 3.16227766e+09 -7.06773631e+01  3.16227766e+09  3.56125287e+01 
 3.54813389e+09 -7.05553223e+01  3.54813389e+09  3.16695474e+01 
 3.98107171e+09 -7.04492252e+01  3.98107171e+09  2.79428298e+01 
 4.46683592e+09 -7.03590799e+01  4.46683592e+09  2.44289514e+01 
 5.01187234e+09 -7.02841570e+01  5.01187234e+09  2.11188534e+01 
 5.62341325e+09 -7.02233287e+01  5.62341325e+09  1.79985913e+01 
 6.30957344e+09 -7.01753277e+01  6.30957344e+09  1.50502534e+01 
 7.07945784e+09 -7.01389317e+01  7.07945784e+09  1.22528936e+01 
 7.94328235e+09 -7.01130883e+01  7.94328235e+09  9.58337510e+00 
 8.91250938e+09 -7.00969964e+01  8.91250938e+09  7.01707570e+00 
 1.00000000e+10 -7.00901581e+01  1.00000000e+10  4.52844625e+00 
