 1.00000000e-02  7.00676196e+01  1.00000000e-02 -3.54875570e-04 
 1.12201845e-02  7.00676196e+01  1.12201845e-02 -3.98176938e-04 
 1.25892541e-02  7.00676196e+01  1.25892541e-02 -4.46761873e-04 
 1.41253754e-02  7.00676196e+01  1.41253754e-02 -5.01275066e-04 
 1.58489319e-02  7.00676196e+01  1.58489319e-02 -5.62439875e-04 
 1.77827941e-02  7.00676196e+01  1.77827941e-02 -6.31067919e-04 
 1.99526231e-02  7.00676196e+01  1.99526231e-02 -7.08069851e-04 
 2.23872114e-02  7.00676196e+01  2.23872114e-02 -7.94467439e-04 
 2.51188643e-02  7.00676196e+01  2.51188643e-02 -8.91407128e-04 
 2.81838293e-02  7.00676196e+01  2.81838293e-02 -1.00017525e-03 
 3.16227766e-02  7.00676196e+01  3.16227766e-02 -1.12221509e-03 
 3.54813389e-02  7.00676196e+01  3.54813389e-02 -1.25914604e-03 
 3.98107171e-02  7.00676196e+01  3.98107171e-02 -1.41278509e-03 
 4.46683592e-02  7.00676196e+01  4.46683592e-02 -1.58517094e-03 
 5.01187234e-02  7.00676196e+01  5.01187234e-02 -1.77859105e-03 
 5.62341325e-02  7.00676196e+01  5.62341325e-02 -1.99561198e-03 
 6.30957344e-02  7.00676196e+01  6.30957344e-02 -2.23911347e-03 
 7.07945784e-02  7.00676195e+01  7.07945784e-02 -2.51232663e-03 
 7.94328235e-02  7.00676195e+01  7.94328235e-02 -2.81887685e-03 
 8.91250938e-02  7.00676195e+01  8.91250938e-02 -3.16283184e-03 
 1.00000000e-01  7.00676195e+01  1.00000000e-01 -3.54875569e-03 
 1.12201845e-01  7.00676195e+01  1.12201845e-01 -3.98176938e-03 
 1.25892541e-01  7.00676195e+01  1.25892541e-01 -4.46761872e-03 
 1.41253754e-01  7.00676195e+01  1.41253754e-01 -5.01275065e-03 
 1.58489319e-01  7.00676195e+01  1.58489319e-01 -5.62439873e-03 
 1.77827941e-01  7.00676195e+01  1.77827941e-01 -6.31067916e-03 
 1.99526231e-01  7.00676195e+01  1.99526231e-01 -7.08069847e-03 
 2.23872114e-01  7.00676195e+01  2.23872114e-01 -7.94467434e-03 
 2.51188643e-01  7.00676195e+01  2.51188643e-01 -8.91407121e-03 
 2.81838293e-01  7.00676194e+01  2.81838293e-01 -1.00017524e-02 
 3.16227766e-01  7.00676194e+01  3.16227766e-01 -1.12221507e-02 
 3.54813389e-01  7.00676193e+01  3.54813389e-01 -1.25914602e-02 
 3.98107171e-01  7.00676193e+01  3.98107171e-01 -1.41278506e-02 
 4.46683592e-01  7.00676192e+01  4.46683592e-01 -1.58517090e-02 
 5.01187234e-01  7.00676191e+01  5.01187234e-01 -1.77859099e-02 
 5.62341325e-01  7.00676190e+01  5.62341325e-01 -1.99561190e-02 
 6.30957344e-01  7.00676189e+01  6.30957344e-01 -2.23911336e-02 
 7.07945784e-01  7.00676187e+01  7.07945784e-01 -2.51232647e-02 
 7.94328235e-01  7.00676185e+01  7.94328235e-01 -2.81887662e-02 
 8.91250938e-01  7.00676182e+01  8.91250938e-01 -3.16283152e-02 
 1.00000000e+00  7.00676179e+01  1.00000000e+00 -3.54875524e-02 
 1.12201845e+00  7.00676175e+01  1.12201845e+00 -3.98176874e-02 
 1.25892541e+00  7.00676169e+01  1.25892541e+00 -4.46761782e-02 
 1.41253754e+00  7.00676162e+01  1.41253754e+00 -5.01274938e-02 
 1.58489319e+00  7.00676154e+01  1.58489319e+00 -5.62439694e-02 
 1.77827941e+00  7.00676143e+01  1.77827941e+00 -6.31067664e-02 
 1.99526231e+00  7.00676129e+01  1.99526231e+00 -7.08069490e-02 
 2.23872114e+00  7.00676112e+01  2.23872114e+00 -7.94466931e-02 
 2.51188643e+00  7.00676090e+01  2.51188643e+00 -8.91406410e-02 
 2.81838293e+00  7.00676063e+01  2.81838293e+00 -1.00017423e-01 
 3.16227766e+00  7.00676029e+01  3.16227766e+00 -1.12221365e-01 
 3.54813389e+00  7.00675986e+01  3.54813389e+00 -1.25914401e-01 
 3.98107171e+00  7.00675932e+01  3.98107171e+00 -1.41278223e-01 
 4.46683592e+00  7.00675863e+01  4.46683592e+00 -1.58516690e-01 
 5.01187234e+00  7.00675777e+01  5.01187234e+00 -1.77858534e-01 
 5.62341325e+00  7.00675669e+01  5.62341325e+00 -1.99560392e-01 
 6.30957344e+00  7.00675533e+01  6.30957344e+00 -2.23910208e-01 
 7.07945784e+00  7.00675361e+01  7.07945784e+00 -2.51231054e-01 
 7.94328235e+00  7.00675145e+01  7.94328235e+00 -2.81885412e-01 
 8.91250938e+00  7.00674873e+01  8.91250938e+00 -3.16279974e-01 
 1.00000000e+01  7.00674530e+01  1.00000000e+01 -3.54871034e-01 
 1.12201845e+01  7.00674099e+01  1.12201845e+01 -3.98170532e-01 
 1.25892541e+01  7.00673556e+01  1.25892541e+01 -4.46752824e-01 
 1.41253754e+01  7.00672873e+01  1.41253754e+01 -5.01262284e-01 
 1.58489319e+01  7.00672012e+01  1.58489319e+01 -5.62421820e-01 
 1.77827941e+01  7.00670929e+01  1.77827941e+01 -6.31042416e-01 
 1.99526231e+01  7.00669566e+01  1.99526231e+01 -7.08033828e-01 
 2.23872114e+01  7.00667849e+01  2.23872114e+01 -7.94416558e-01 
 2.51188643e+01  7.00665689e+01  2.51188643e+01 -8.91335258e-01 
 2.81838293e+01  7.00662969e+01  2.81838293e+01 -1.00007373e+00 
 3.16227766e+01  7.00659545e+01  3.16227766e+01 -1.12207170e+00 
 3.54813389e+01  7.00655234e+01  3.54813389e+01 -1.25894351e+00 
 3.98107171e+01  7.00649808e+01  3.98107171e+01 -1.41249903e+00 
 4.46683592e+01  7.00642979e+01  4.46683592e+01 -1.58476691e+00 
 5.01187234e+01  7.00634382e+01  5.01187234e+01 -1.77802041e+00 
 5.62341325e+01  7.00623562e+01  5.62341325e+01 -1.99480605e+00 
 6.30957344e+01  7.00609944e+01  6.30957344e+01 -2.23797528e+00 
 7.07945784e+01  7.00592807e+01  7.07945784e+01 -2.51071928e+00 
 7.94328235e+01  7.00571241e+01  7.94328235e+01 -2.81660707e+00 
 8.91250938e+01  7.00544107e+01  8.91250938e+01 -3.15962690e+00 
 1.00000000e+02  7.00509972e+01  1.00000000e+02 -3.54423074e+00 
 1.12201845e+02  7.00467035e+01  1.12201845e+02 -3.97538150e+00 
 1.25892541e+02  7.00413042e+01  1.25892541e+02 -4.45860233e+00 
 1.41253754e+02  7.00345164e+01  1.41253754e+02 -5.00002662e+00 
 1.58489319e+02  7.00259862e+01  1.58489319e+02 -5.60644676e+00 
 1.77827941e+02  7.00152710e+01  1.77827941e+02 -6.28535891e+00 
 1.99526231e+02  7.00018188e+01  1.99526231e+02 -7.04499923e+00 
 2.23872114e+02  6.99849426e+01  2.23872114e+02 -7.89436561e+00 
 2.51188643e+02  6.99637895e+01  2.51188643e+02 -8.84321637e+00 
 2.81838293e+02  6.99373050e+01  2.81838293e+02 -9.90203448e+00 
 3.16227766e+02  6.99041910e+01  3.16227766e+02 -1.10819421e+01 
 3.54813389e+02  6.98628587e+01  3.54813389e+02 -1.23945461e+01 
 3.98107171e+02  6.98113777e+01  3.98107171e+02 -1.38516912e+01 
 4.46683592e+02  6.97474228e+01  4.46683592e+02 -1.54650938e+01 
 5.01187234e+02  6.96682248e+01  5.01187234e+02 -1.72458280e+01 
 5.62341325e+02  6.95705311e+01  5.62341325e+02 -1.92036399e+01 
 6.30957344e+02  6.94505867e+01  6.30957344e+02 -2.13460769e+01 
 7.07945784e+02  6.93041487e+01  7.07945784e+02 -2.36774432e+01 
 7.94328235e+02  6.91265489e+01  7.94328235e+02 -2.61976287e+01 
 8.91250938e+02  6.89128203e+01  8.91250938e+02 -2.89009137e+01 
 1.00000000e+03  6.86578960e+01  1.00000000e+03 -3.17749087e+01 
 1.12201845e+03  6.83568799e+01  1.12201845e+03 -3.47998432e+01 
 1.25892541e+03  6.80053745e+01  1.25892541e+03 -3.79484324e+01 
 1.41253754e+03  6.75998284e+01  1.41253754e+03 -4.11865131e+01 
 1.58489319e+03  6.71378547e+01  1.58489319e+03 -4.44745262e+01 
 1.77827941e+03  6.66184630e+01  1.77827941e+03 -4.77697490e+01 
 1.99526231e+03  6.60421606e+01  1.99526231e+03 -5.10290024e+01 
 2.23872114e+03  6.54109000e+01  2.23872114e+03 -5.42114284e+01 
 2.51188643e+03  6.47278858e+01  2.51188643e+03 -5.72809157e+01 
 2.81838293e+03  6.39972783e+01  2.81838293e+03 -6.02078454e+01 
 3.16227766e+03  6.32238492e+01  3.16227766e+03 -6.29700010e+01 
 3.54813389e+03  6.24126427e+01  3.54813389e+03 -6.55526695e+01 
 3.98107171e+03  6.15686840e+01  3.98107171e+03 -6.79480932e+01 
 4.46683592e+03  6.06967555e+01  4.46683592e+03 -7.01544980e+01 
 5.01187234e+03  5.98012482e+01  5.01187234e+03 -7.21749222e+01 
 5.62341325e+03  5.88860792e+01  5.62341325e+03 -7.40160240e+01 
 6.30957344e+03  5.79546639e+01  6.30957344e+03 -7.56869890e+01 
 7.07945784e+03  5.70099249e+01  7.07945784e+03 -7.71986010e+01 
 7.94328235e+03  5.60543267e+01  7.94328235e+03 -7.85624969e+01 
 8.91250938e+03  5.50899224e+01  8.91250938e+03 -7.97906008e+01 
 1.00000000e+04  5.41184061e+01  1.00000000e+04 -8.08947133e+01 
 1.12201845e+04  5.31411648e+01  1.12201845e+04 -8.18862300e+01 
 1.25892541e+04  5.21593274e+01  1.25892541e+04 -8.27759616e+01 
 1.41253754e+04  5.11738079e+01  1.41253754e+04 -8.35740290e+01 
 1.58489319e+04  5.01853436e+01  1.58489319e+04 -8.42898151e+01 
 1.77827941e+04  4.91945273e+01  1.77827941e+04 -8.49319559e+01 
 1.99526231e+04  4.82018343e+01  1.99526231e+04 -8.55083573e+01 
 2.23872114e+04  4.72076451e+01  2.23872114e+04 -8.60262300e+01 
 2.51188643e+04  4.62122636e+01  2.51188643e+04 -8.64921343e+01 
 2.81838293e+04  4.52159323e+01  2.81838293e+04 -8.69120312e+01 
 3.16227766e+04  4.42188444e+01  3.16227766e+04 -8.72913355e+01 
 3.54813389e+04  4.32211535e+01  3.54813389e+04 -8.76349688e+01 
 3.98107171e+04  4.22229817e+01  3.98107171e+04 -8.79474116e+01 
 4.46683592e+04  4.12244258e+01  4.46683592e+04 -8.82327540e+01 
 5.01187234e+04  4.02255624e+01  5.01187234e+04 -8.84947423e+01 
 5.62341325e+04  3.92264519e+01  5.62341325e+04 -8.87368247e+01 
 6.30957344e+04  3.82271413e+01  6.30957344e+04 -8.89621934e+01 
 7.07945784e+04  3.72276674e+01  7.07945784e+04 -8.91738245e+01 
 7.94328235e+04  3.62280580e+01  7.94328235e+04 -8.93745160e+01 
 8.91250938e+04  3.52283341e+01  8.91250938e+04 -8.95669234e+01 
 1.00000000e+05  3.42285102e+01  1.00000000e+05 -8.97535941e+01 
 1.12201845e+05  3.32285957e+01  1.12201845e+05 -8.99370007e+01 
 1.25892541e+05  3.22285952e+01  1.25892541e+05 -9.01195731e+01 
 1.41253754e+05  3.12285087e+01  1.41253754e+05 -9.03037303e+01 
 1.58489319e+05  3.02283315e+01  1.58489319e+05 -9.04919123e+01 
 1.77827941e+05  2.92280541e+01  1.77827941e+05 -9.06866116e+01 
 1.99526231e+05  2.82276620e+01  1.99526231e+05 -9.08904060e+01 
 2.23872114e+05  2.72271342e+01  2.23872114e+05 -9.11059923e+01 
 2.51188643e+05  2.62264426e+01  2.51188643e+05 -9.13362208e+01 
 2.81838293e+05  2.52255506e+01  2.81838293e+05 -9.15841321e+01 
 3.16227766e+05  2.42244107e+01  3.16227766e+05 -9.18529956e+01 
 3.54813389e+05  2.32229626e+01  3.54813389e+05 -9.21463505e+01 
 3.98107171e+05  2.22211293e+01  3.98107171e+05 -9.24680495e+01 
 4.46683592e+05  2.12188139e+01  4.46683592e+05 -9.28223051e+01 
 5.01187234e+05  2.02158939e+01  5.01187234e+05 -9.32137385e+01 
 5.62341325e+05  1.92122152e+01  5.62341325e+05 -9.36474319e+01 
 6.30957344e+05  1.82075842e+01  6.30957344e+05 -9.41289822e+01 
 7.07945784e+05  1.72017577e+01  7.07945784e+05 -9.46645572e+01 
 7.94328235e+05  1.61944310e+01  7.94328235e+05 -9.52609509e+01 
 8.91250938e+05  1.51852226e+01  8.91250938e+05 -9.59256373e+01 
 1.00000000e+06  1.41736560e+01  1.00000000e+06 -9.66668190e+01 
 1.12201845e+06  1.31591368e+01  1.12201845e+06 -9.74934652e+01 
 1.25892541e+06  1.21409259e+01  1.25892541e+06 -9.84153331e+01 
 1.41253754e+06  1.11181070e+01  1.41253754e+06 -9.94429632e+01 
 1.58489319e+06  1.00895485e+01  1.58489319e+06 -1.00587636e+02 
 1.77827941e+06  9.05385998e+00  1.77827941e+06 -1.01861271e+02 
 1.99526231e+06  8.00934358e+00  1.99526231e+06 -1.03276256e+02 
 2.23872114e+06  6.95394172e+00  2.23872114e+06 -1.04845169e+02 
 2.51188643e+06  5.88518508e+00  2.51188643e+06 -1.06580376e+02 
 2.81838293e+06  4.80014546e+00  2.81838293e+06 -1.08493469e+02 
 3.16227766e+06  3.69540210e+00  3.16227766e+06 -1.10594536e+02 
 3.54813389e+06  2.56703239e+00  3.54813389e+06 -1.12891237e+02 
 3.98107171e+06  1.41064101e+00  3.98107171e+06 -1.15387725e+02 
 4.46683592e+06  2.21442724e-01  4.46683592e+06 -1.18083468e+02 
 5.01187234e+06 -1.00558765e+00  5.01187234e+06 -1.20972096e+02 
 5.62341325e+06 -2.27549103e+00  5.62341325e+06 -1.24040453e+02 
 6.30957344e+06 -3.59303110e+00  6.30957344e+06 -1.27268078e+02 
 7.07945784e+06 -4.96235520e+00  7.07945784e+06 -1.30627337e+02 
 7.94328235e+06 -6.38665001e+00  7.94328235e+06 -1.34084372e+02 
 8.91250938e+06 -7.86784619e+00  8.91250938e+06 -1.37600886e+02 
 1.00000000e+07 -9.40642594e+00  1.00000000e+07 -1.41136609e+02 
 1.12201845e+07 -1.10013727e+01  1.12201845e+07 -1.44652114e+02 
 1.25892541e+07 -1.26502731e+01  1.25892541e+07 -1.48111563e+02 
 1.41253754e+07 -1.43495504e+01  1.41253754e+07 -1.51484975e+02 
 1.58489319e+07 -1.60947820e+01  1.58489319e+07 -1.54749749e+02 
 1.77827941e+07 -1.78810470e+01  1.77827941e+07 -1.57891346e+02 
 1.99526231e+07 -1.97032512e+01  1.99526231e+07 -1.60903202e+02 
 2.23872114e+07 -2.15563960e+01  2.23872114e+07 -1.63786081e+02 
 2.51188643e+07 -2.34357740e+01  2.51188643e+07 -1.66547074e+02 
 2.81838293e+07 -2.53370918e+01  2.81838293e+07 -1.69198477e+02 
 3.16227766e+07 -2.72565275e+01  3.16227766e+07 -1.71756689e+02 
 3.54813389e+07 -2.91907401e+01  3.54813389e+07 -1.74241241e+02 
 3.98107171e+07 -3.11368426e+01  3.98107171e+07 -1.76673992e+02 
 4.46683592e+07 -3.30923523e+01  4.46683592e+07 -1.79078494e+02 
 5.01187234e+07 -3.50551274e+01  5.01187234e+07  1.78520487e+02 
 5.62341325e+07 -3.70232945e+01  5.62341325e+07  1.76097334e+02 
 6.30957344e+07 -3.89951700e+01  6.30957344e+07  1.73625871e+02 
 7.07945784e+07 -4.09691735e+01  7.07945784e+07  1.71079625e+02 
 7.94328235e+07 -4.29437311e+01  7.94328235e+07  1.68432104e+02 
 8.91250938e+07 -4.49171615e+01  8.91250938e+07  1.65657135e+02 
 1.00000000e+08 -4.68875367e+01  1.00000000e+08  1.62729298e+02 
 1.12201845e+08 -4.88525094e+01  1.12201845e+08  1.59624493e+02 
 1.25892541e+08 -5.08090931e+01  1.25892541e+08  1.56320643e+02 
 1.41253754e+08 -5.27533896e+01  1.41253754e+08  1.52798545e+02 
 1.58489319e+08 -5.46802599e+01  1.58489319e+08  1.49042823e+02 
 1.77827941e+08 -5.65829499e+01  1.77827941e+08  1.45042937e+02 
 1.99526231e+08 -5.84527023e+01  1.99526231e+08  1.40794180e+02 
 2.23872114e+08 -6.02784162e+01  2.23872114e+08  1.36298609e+02 
 2.51188643e+08 -6.20464481e+01  2.51188643e+08  1.31565899e+02 
 2.81838293e+08 -6.37406706e+01  2.81838293e+08  1.26614134e+02 
 3.16227766e+08 -6.53429108e+01  3.16227766e+08  1.21470548e+02 
 3.54813389e+08 -6.68338504e+01  3.54813389e+08  1.16172051e+02 
 3.98107171e+08 -6.81943863e+01  3.98107171e+08  1.10765140e+02 
 4.46683592e+08 -6.94073243e+01  4.46683592e+08  1.05304514e+02 
 5.01187234e+08 -7.04591492e+01  5.01187234e+08  9.98497667e+01 
 5.62341325e+08 -7.13415338e+01  5.62341325e+08  9.44600307e+01 
 6.30957344e+08 -7.20522748e+01  6.30957344e+08  8.91873790e+01 
 7.07945784e+08 -7.25954874e+01  7.07945784e+08  8.40705966e+01 
 7.94328235e+08 -7.29810876e+01  7.94328235e+08  7.91311554e+01 
 8.91250938e+08 -7.32237531e+01  8.91250938e+08  7.43725894e+01 
 1.00000000e+09 -7.33416165e+01  1.00000000e+09  6.97833506e+01 
 1.12201845e+09 -7.33549058e+01  1.12201845e+09  6.53421893e+01 
 1.25892541e+09 -7.32846642e+01  1.25892541e+09  6.10245499e+01 
 1.41253754e+09 -7.31516145e+01  1.41253754e+09  5.68084874e+01 
 1.58489319e+09 -7.29751943e+01  1.58489319e+09  5.26790025e+01 
 1.77827941e+09 -7.27727853e+01  1.77827941e+09  4.86302422e+01 
 1.99526231e+09 -7.25591608e+01  1.99526231e+09  4.46655445e+01 
 2.23872114e+09 -7.23461755e+01  2.23872114e+09  4.07957196e+01 
 2.51188643e+09 -7.21427048e+01  2.51188643e+09  3.70362202e+01 
 2.81838293e+09 -7.19548132e+01  2.81838293e+09  3.34039273e+01 
 3.16227766e+09 -7.17861047e+01  3.16227766e+09  2.99141970e+01 
 3.54813389e+09 -7.16381848e+01  3.54813389e+09  2.65786025e+01 
 3.98107171e+09 -7.15111626e+01  3.98107171e+09  2.34035624e+01 
 4.46683592e+09 -7.14041298e+01  4.46683592e+09  2.03898213e+01 
 5.01187234e+09 -7.13155751e+01  5.01187234e+09  1.75326076e+01 
 5.62341325e+09 -7.12437142e+01  5.62341325e+09  1.48222347e+01 
 6.30957344e+09 -7.11867329e+01  6.30957344e+09  1.22449218e+01 
 7.07945784e+09 -7.11429549e+01  7.07945784e+09  9.78366386e+00 
 7.94328235e+09 -7.11109503e+01  7.94328235e+09  7.41903498e+00 
 8.91250938e+09 -7.10896005e+01  8.91250938e+09  5.12987134e+00 
 1.00000000e+10 -7.10781369e+01  1.00000000e+10  2.89381613e+00 
