 1.00000000e-02  7.10645753e+01  1.00000000e-02 -4.09981526e-04 
 1.12201845e-02  7.10645753e+01  1.12201845e-02 -4.60006838e-04 
 1.25892541e-02  7.10645753e+01  1.25892541e-02 -5.16136161e-04 
 1.41253754e-02  7.10645753e+01  1.41253754e-02 -5.79114298e-04 
 1.58489319e-02  7.10645753e+01  1.58489319e-02 -6.49776929e-04 
 1.77827941e-02  7.10645753e+01  1.77827941e-02 -7.29061706e-04 
 1.99526231e-02  7.10645753e+01  1.99526231e-02 -8.18020688e-04 
 2.23872114e-02  7.10645753e+01  2.23872114e-02 -9.17834308e-04 
 2.51188643e-02  7.10645753e+01  2.51188643e-02 -1.02982703e-03 
 2.81838293e-02  7.10645753e+01  2.81838293e-02 -1.15548493e-03 
 3.16227766e-02  7.10645753e+01  3.16227766e-02 -1.29647542e-03 
 3.54813389e-02  7.10645753e+01  3.54813389e-02 -1.45466935e-03 
 3.98107171e-02  7.10645753e+01  3.98107171e-02 -1.63216585e-03 
 4.46683592e-02  7.10645753e+01  4.46683592e-02 -1.83132021e-03 
 5.01187234e-02  7.10645753e+01  5.01187234e-02 -2.05477507e-03 
 5.62341325e-02  7.10645753e+01  5.62341325e-02 -2.30549554e-03 
 6.30957344e-02  7.10645753e+01  6.30957344e-02 -2.58680855e-03 
 7.07945784e-02  7.10645753e+01  7.07945784e-02 -2.90244693e-03 
 7.94328235e-02  7.10645753e+01  7.94328235e-02 -3.25659901e-03 
 8.91250938e-02  7.10645753e+01  8.91250938e-02 -3.65396419e-03 
 1.00000000e-01  7.10645753e+01  1.00000000e-01 -4.09981525e-03 
 1.12201845e-01  7.10645753e+01  1.12201845e-01 -4.60006837e-03 
 1.25892541e-01  7.10645753e+01  1.25892541e-01 -5.16136160e-03 
 1.41253754e-01  7.10645753e+01  1.41253754e-01 -5.79114296e-03 
 1.58489319e-01  7.10645752e+01  1.58489319e-01 -6.49776927e-03 
 1.77827941e-01  7.10645752e+01  1.77827941e-01 -7.29061702e-03 
 1.99526231e-01  7.10645752e+01  1.99526231e-01 -8.18020683e-03 
 2.23872114e-01  7.10645752e+01  2.23872114e-01 -9.17834301e-03 
 2.51188643e-01  7.10645752e+01  2.51188643e-01 -1.02982702e-02 
 2.81838293e-01  7.10645751e+01  2.81838293e-01 -1.15548492e-02 
 3.16227766e-01  7.10645751e+01  3.16227766e-01 -1.29647540e-02 
 3.54813389e-01  7.10645750e+01  3.54813389e-01 -1.45466932e-02 
 3.98107171e-01  7.10645750e+01  3.98107171e-01 -1.63216581e-02 
 4.46683592e-01  7.10645749e+01  4.46683592e-01 -1.83132014e-02 
 5.01187234e-01  7.10645747e+01  5.01187234e-01 -2.05477498e-02 
 5.62341325e-01  7.10645746e+01  5.62341325e-01 -2.30549542e-02 
 6.30957344e-01  7.10645744e+01  6.30957344e-01 -2.58680837e-02 
 7.07945784e-01  7.10645742e+01  7.07945784e-01 -2.90244668e-02 
 7.94328235e-01  7.10645739e+01  7.94328235e-01 -3.25659867e-02 
 8.91250938e-01  7.10645735e+01  8.91250938e-01 -3.65396370e-02 
 1.00000000e+00  7.10645731e+01  1.00000000e+00 -4.09981456e-02 
 1.12201845e+00  7.10645725e+01  1.12201845e+00 -4.60006739e-02 
 1.25892541e+00  7.10645718e+01  1.25892541e+00 -5.16136022e-02 
 1.41253754e+00  7.10645709e+01  1.41253754e+00 -5.79114101e-02 
 1.58489319e+00  7.10645697e+01  1.58489319e+00 -6.49776651e-02 
 1.77827941e+00  7.10645683e+01  1.77827941e+00 -7.29061313e-02 
 1.99526231e+00  7.10645665e+01  1.99526231e+00 -8.18020133e-02 
 2.23872114e+00  7.10645642e+01  2.23872114e+00 -9.17833524e-02 
 2.51188643e+00  7.10645613e+01  2.51188643e+00 -1.02982592e-01 
 2.81838293e+00  7.10645576e+01  2.81838293e+00 -1.15548337e-01 
 3.16227766e+00  7.10645531e+01  3.16227766e+00 -1.29647321e-01 
 3.54813389e+00  7.10645473e+01  3.54813389e+00 -1.45466622e-01 
 3.98107171e+00  7.10645401e+01  3.98107171e+00 -1.63216144e-01 
 4.46683592e+00  7.10645310e+01  4.46683592e+00 -1.83131397e-01 
 5.01187234e+00  7.10645195e+01  5.01187234e+00 -2.05476626e-01 
 5.62341325e+00  7.10645050e+01  5.62341325e+00 -2.30548311e-01 
 6.30957344e+00  7.10644868e+01  6.30957344e+00 -2.58679098e-01 
 7.07945784e+00  7.10644639e+01  7.07945784e+00 -2.90242212e-01 
 7.94328235e+00  7.10644351e+01  7.94328235e+00 -3.25656397e-01 
 8.91250938e+00  7.10643987e+01  8.91250938e+00 -3.65391469e-01 
 1.00000000e+01  7.10643530e+01  1.00000000e+01 -4.09974533e-01 
 1.12201845e+01  7.10642955e+01  1.12201845e+01 -4.59996960e-01 
 1.25892541e+01  7.10642230e+01  1.25892541e+01 -5.16122208e-01 
 1.41253754e+01  7.10641318e+01  1.41253754e+01 -5.79094589e-01 
 1.58489319e+01  7.10640170e+01  1.58489319e+01 -6.49749090e-01 
 1.77827941e+01  7.10638724e+01  1.77827941e+01 -7.29022382e-01 
 1.99526231e+01  7.10636905e+01  1.99526231e+01 -8.17965144e-01 
 2.23872114e+01  7.10634614e+01  2.23872114e+01 -9.17755852e-01 
 2.51188643e+01  7.10631730e+01  2.51188643e+01 -1.02971621e+00 
 2.81838293e+01  7.10628100e+01  2.81838293e+01 -1.15532841e+00 
 3.16227766e+01  7.10623530e+01  3.16227766e+01 -1.29625433e+00 
 3.54813389e+01  7.10617778e+01  3.54813389e+01 -1.45435708e+00 
 3.98107171e+01  7.10610537e+01  3.98107171e+01 -1.63172481e+00 
 4.46683592e+01  7.10601424e+01  4.46683592e+01 -1.83069729e+00 
 5.01187234e+01  7.10589953e+01  5.01187234e+01 -2.05389531e+00 
 5.62341325e+01  7.10575517e+01  5.62341325e+01 -2.30425311e+00 
 6.30957344e+01  7.10557349e+01  6.30957344e+01 -2.58505400e+00 
 7.07945784e+01  7.10534488e+01  7.07945784e+01 -2.89996935e+00 
 7.94328235e+01  7.10505725e+01  7.94328235e+01 -3.25310073e+00 
 8.91250938e+01  7.10469542e+01  8.91250938e+01 -3.64902520e+00 
 1.00000000e+02  7.10424033e+01  1.00000000e+02 -4.09284314e+00 
 1.12201845e+02  7.10366808e+01  1.12201845e+02 -4.59022778e+00 
 1.25892541e+02  7.10294873e+01  1.25892541e+02 -5.14747523e+00 
 1.41253754e+02  7.10204482e+01  1.41253754e+02 -5.77155246e+00 
 1.58489319e+02  7.10090952e+01  1.58489319e+02 -6.47014040e+00 
 1.77827941e+02  7.09948448e+01  1.77827941e+02 -7.25166716e+00 
 1.99526231e+02  7.09769708e+01  1.99526231e+02 -8.12532480e+00 
 2.23872114e+02  7.09545729e+01  2.23872114e+02 -9.10106052e+00 
 2.51188643e+02  7.09265388e+01  2.51188643e+02 -1.01895298e+01 
 2.81838293e+02  7.08915014e+01  2.81838293e+02 -1.14019956e+01 
 3.16227766e+02  7.08477901e+01  3.16227766e+02 -1.27501525e+01 
 3.54813389e+02  7.07933790e+01  3.54813389e+02 -1.42458524e+01 
 3.98107171e+02  7.07258349e+01  3.98107171e+02 -1.59007034e+01 
 4.46683592e+02  7.06422689e+01  4.46683592e+02 -1.77255144e+01 
 5.01187234e+02  7.05393015e+01  5.01187234e+02 -1.97295625e+01 
 5.62341325e+02  7.04130509e+01  5.62341325e+02 -2.19196766e+01 
 6.30957344e+02  7.02591579e+01  6.30957344e+02 -2.42991536e+01 
 7.07945784e+02  7.00728638e+01  7.07945784e+02 -2.68665698e+01 
 7.94328235e+02  6.98491545e+01  7.94328235e+02 -2.96146019e+01 
 8.91250938e+02  6.95829779e+01  8.91250938e+02 -3.25290345e+01 
 1.00000000e+03  6.92695321e+01  1.00000000e+03 -3.55881732e+01 
 1.12201845e+03  6.89046016e+01  1.12201845e+03 -3.87628923e+01 
 1.25892541e+03  6.84849030e+01  1.25892541e+03 -4.20174846e+01 
 1.41253754e+03  6.80083866e+01  1.41253754e+03 -4.53113503e+01 
 1.58489319e+03  6.74744385e+01  1.58489319e+03 -4.86013829e+01 
 1.77827941e+03  6.68839440e+01  1.77827941e+03 -5.18447351e+01 
 1.99526231e+03  6.62391967e+01  1.99526231e+03 -5.50015454e+01 
 2.23872114e+03  6.55436747e+01  2.23872114e+03 -5.80372155e+01 
 2.51188643e+03  6.48017269e+01  2.51188643e+03 -6.09239515e+01 
 2.81838293e+03  6.40182249e+01  2.81838293e+03 -6.36414597e+01 
 3.16227766e+03  6.31982334e+01  3.16227766e+03 -6.61768632e+01 
 3.54813389e+03  6.23467341e+01  3.54813389e+03 -6.85240242e+01 
 3.98107171e+03  6.14684211e+01  3.98107171e+03 -7.06825019e+01 
 4.46683592e+03  6.05675706e+01  4.46683592e+03 -7.26563608e+01 
 5.01187234e+03  5.96479734e+01  5.01187234e+03 -7.44529949e+01 
 5.62341325e+03  5.87129174e+01  5.62341325e+03 -7.60820718e+01 
 6.30957344e+03  5.77652053e+01  6.30957344e+03 -7.75546504e+01 
 7.07945784e+03  5.68071921e+01  7.07945784e+03 -7.88824822e+01 
 7.94328235e+03  5.58408349e+01  7.94328235e+03 -8.00774869e+01 
 8.91250938e+03  5.48677448e+01  8.91250938e+03 -8.11513779e+01 
 1.00000000e+04  5.38892392e+01  1.00000000e+04 -8.21154083e+01 
 1.12201845e+04  5.29063883e+01  1.12201845e+04 -8.29802122e+01 
 1.25892541e+04  5.19200580e+01  1.25892541e+04 -8.37557166e+01 
 1.41253754e+04  5.09309460e+01  1.41253754e+04 -8.44511035e+01 
 1.58489319e+04  4.99396130e+01  1.58489319e+04 -8.50748089e+01 
 1.77827941e+04  4.89465082e+01  1.77827941e+04 -8.56345448e+01 
 1.99526231e+04  4.79519912e+01  1.99526231e+04 -8.61373370e+01 
 2.23872114e+04  4.69563491e+01  2.23872114e+04 -8.65895717e+01 
 2.51188643e+04  4.59598107e+01  2.51188643e+04 -8.69970469e+01 
 2.81838293e+04  4.49625586e+01  2.81838293e+04 -8.73650255e+01 
 3.16227766e+04  4.39647377e+01  3.16227766e+04 -8.76982881e+01 
 3.54813389e+04  4.29664634e+01  3.54813389e+04 -8.80011845e+01 
 3.98107171e+04  4.19678270e+01  3.98107171e+04 -8.82776825e+01 
 4.46683592e+04  4.09689009e+01  4.46683592e+04 -8.85314146e+01 
 5.01187234e+04  3.99697420e+01  5.01187234e+04 -8.87657218e+01 
 5.62341325e+04  3.89703951e+01  5.62341325e+04 -8.89836948e+01 
 6.30957344e+04  3.79708947e+01  6.30957344e+04 -8.91882128e+01 
 7.07945784e+04  3.69712676e+01  7.07945784e+04 -8.93819802e+01 
 7.94328235e+04  3.59715335e+01  7.94328235e+04 -8.95675613e+01 
 8.91250938e+04  3.49717065e+01  8.91250938e+04 -8.97474135e+01 
 1.00000000e+05  3.39717958e+01  1.00000000e+05 -8.99239194e+01 
 1.12201845e+05  3.29718062e+01  1.12201845e+05 -9.00994178e+01 
 1.25892541e+05  3.19717383e+01  1.25892541e+05 -9.02762342e+01 
 1.41253754e+05  3.09715885e+01  1.41253754e+05 -9.04567118e+01 
 1.58489319e+05  2.99713487e+01  1.58489319e+05 -9.06432414e+01 
 1.77827941e+05  2.89710062e+01  1.77827941e+05 -9.08382935e+01 
 1.99526231e+05  2.79705428e+01  1.99526231e+05 -9.10444499e+01 
 2.23872114e+05  2.69699339e+01  2.23872114e+05 -9.12644377e+01 
 2.51188643e+05  2.59691471e+01  2.51188643e+05 -9.15011638e+01 
 2.81838293e+05  2.49681407e+01  2.81838293e+05 -9.17577527e+01 
 3.16227766e+05  2.39668611e+01  3.16227766e+05 -9.20375856e+01 
 3.54813389e+05  2.29652406e+01  3.54813389e+05 -9.23443424e+01 
 3.98107171e+05  2.19631932e+01  3.98107171e+05 -9.26820468e+01 
 4.46683592e+05  2.09606107e+01  4.46683592e+05 -9.30551136e+01 
 5.01187234e+05  1.99573566e+01  5.01187234e+05 -9.34684002e+01 
 5.62341325e+05  1.89532594e+01  5.62341325e+05 -9.39272592e+01 
 6.30957344e+05  1.79481035e+01  6.30957344e+05 -9.44375943e+01 
 7.07945784e+05  1.69416188e+01  7.07945784e+05 -9.50059170e+01 
 7.94328235e+05  1.59334668e+01  7.94328235e+05 -9.56394020e+01 
 8.91250938e+05  1.49232241e+01  8.91250938e+05 -9.63459402e+01 
 1.00000000e+06  1.39103622e+01  1.00000000e+06 -9.71341843e+01 
 1.12201845e+06  1.28942231e+01  1.12201845e+06 -9.80135812e+01 
 1.25892541e+06  1.18739893e+01  1.25892541e+06 -9.89943841e+01 
 1.41253754e+06  1.08486490e+01  1.41253754e+06 -1.00087633e+02 
 1.58489319e+06  9.81695575e+00  1.58489319e+06 -1.01305090e+02 
 1.77827941e+06  8.77738190e+00  1.77827941e+06 -1.02659110e+02 
 1.99526231e+06  7.72806823e+00  1.99526231e+06 -1.04162426e+02 
 2.23872114e+06  6.66677126e+00  2.23872114e+06 -1.05827817e+02 
 2.51188643e+06  5.59081253e+00  2.51188643e+06 -1.07667645e+02 
 2.81838293e+06  4.49703655e+00  2.81838293e+06 -1.09693214e+02 
 3.16227766e+06  3.38178677e+00  3.16227766e+06 -1.11913955e+02 
 3.54813389e+06  2.24091226e+00  3.54813389e+06 -1.14336430e+02 
 3.98107171e+06  1.06981976e+00  3.98107171e+06 -1.16963200e+02 
 4.46683592e+06 -1.36413785e-01  4.46683592e+06 -1.19791650e+02 
 5.01187234e+06 -1.38285719e+00  5.01187234e+06 -1.22812904e+02 
 5.62341325e+06 -2.67446740e+00  5.62341325e+06 -1.26011062e+02 
 6.30957344e+06 -4.01577135e+00  6.30957344e+06 -1.29362962e+02 
 7.07945784e+06 -5.41051869e+00  7.07945784e+06 -1.32838689e+02 
 7.94328235e+06 -6.86135353e+00  7.94328235e+06 -1.36402930e+02 
 8.91250938e+06 -8.36956130e+00  8.91250938e+06 -1.40017122e+02 
 1.00000000e+07 -9.93493972e+00  1.00000000e+07 -1.43642135e+02 
 1.12201845e+07 -1.15558208e+01  1.12201845e+07 -1.47241129e+02 
 1.25892541e+07 -1.32292396e+01  1.25892541e+07 -1.50782137e+02 
 1.41253754e+07 -1.49512142e+01  1.41253754e+07 -1.54240028e+02 
 1.58489319e+07 -1.67170868e+01  1.58489319e+07 -1.57597654e+02 
 1.77827941e+07 -1.85218670e+01  1.77827941e+07 -1.60846180e+02 
 1.99526231e+07 -2.03605376e+01  1.99526231e+07 -1.63984733e+02 
 2.23872114e+07 -2.22282929e+01  2.23872114e+07 -1.67019581e+02 
 2.51188643e+07 -2.41207038e+01  2.51188643e+07 -1.69963080e+02 
 2.81838293e+07 -2.60338132e+01  2.81838293e+07 -1.72832571e+02 
 3.16227766e+07 -2.79641757e+01  3.16227766e+07 -1.75649357e+02 
 3.54813389e+07 -2.99088549e+01  3.54813389e+07 -1.78437833e+02 
 3.98107171e+07 -3.18653936e+01  3.98107171e+07  1.78775222e+02 
 4.46683592e+07 -3.38317672e+01  4.46683592e+07  1.75961184e+02 
 5.01187234e+07 -3.58063271e+01  5.01187234e+07  1.73089999e+02 
 5.62341325e+07 -3.77877396e+01  5.62341325e+07  1.70130529e+02 
 6.30957344e+07 -3.97749184e+01  6.30957344e+07  1.67050852e+02 
 7.07945784e+07 -4.17669498e+01  7.07945784e+07  1.63818617e+02 
 7.94328235e+07 -4.37630030e+01  7.94328235e+07  1.60401476e+02 
 8.91250938e+07 -4.57622166e+01  8.91250938e+07  1.56767687e+02 
 1.00000000e+08 -4.77635483e+01  1.00000000e+08  1.52886943e+02 
 1.12201845e+08 -4.97655690e+01  1.12201845e+08  1.48731504e+02 
 1.25892541e+08 -5.17661855e+01  1.25892541e+08  1.44277684e+02 
 1.41253754e+08 -5.37622714e+01  1.41253754e+08  1.39507752e+02 
 1.58489319e+08 -5.57492007e+01  1.58489319e+08  1.34412240e+02 
 1.77827941e+08 -5.77202922e+01  1.77827941e+08  1.28992667e+02 
 1.99526231e+08 -5.96662152e+01  1.99526231e+08  1.23264554e+02 
 2.23872114e+08 -6.15744517e+01  2.23872114e+08  1.17260565e+02 
 2.51188643e+08 -6.34289739e+01  2.51188643e+08  1.11033404e+02 
 2.81838293e+08 -6.52103364e+01  2.81838293e+08  1.04657788e+02 
 3.16227766e+08 -6.68963752e+01  3.16227766e+08  9.82304698e+01 
 3.54813389e+08 -6.84636058e+01  3.54813389e+08  9.18668740e+01 
 3.98107171e+08 -6.98892161e+01  3.98107171e+08  8.56930842e+01 
 4.46683592e+08 -7.11533201e+01  4.46683592e+08  7.98329025e+01 
 5.01187234e+08 -7.22409987e+01  5.01187234e+08  7.43916601e+01 
 5.62341325e+08 -7.31437162e+01  5.62341325e+08  6.94405065e+01 
 6.30957344e+08 -7.38599334e+01  6.30957344e+08  6.50057276e+01 
 7.07945784e+08 -7.43949890e+01  7.07945784e+08  6.10664363e+01 
 7.94328235e+08 -7.47604323e+01  7.94328235e+08  5.75612138e+01 
 8.91250938e+08 -7.49729746e+01  8.91250938e+08  5.44014243e+01 
 1.00000000e+09 -7.50531671e+01  1.00000000e+09  5.14872836e+01 
 1.12201845e+09 -7.50239111e+01  1.12201845e+09  4.87227974e+01 
 1.25892541e+09 -7.49089313e+01  1.25892541e+09  4.60269373e+01 
 1.41253754e+09 -7.47313621e+01  1.41253754e+09  4.33400536e+01 
 1.58489319e+09 -7.45125683e+01  1.58489319e+09  4.06258202e+01 
 1.77827941e+09 -7.42712727e+01  1.77827941e+09  3.78697048e+01 
 1.99526231e+09 -7.40230145e+01  1.99526231e+09  3.50751380e+01 
 2.23872114e+09 -7.37799274e+01  2.23872114e+09  3.22584732e+01 
 2.51188643e+09 -7.35508020e+01  2.51188643e+09  2.94436487e+01 
 2.81838293e+09 -7.33413803e+01  2.81838293e+09  2.66572660e+01 
 3.16227766e+09 -7.31548124e+01  3.16227766e+09  2.39245787e+01 
 3.54813389e+09 -7.29921994e+01  3.54813389e+09  2.12666470e+01 
 3.98107171e+09 -7.28531484e+01  3.98107171e+09  1.86986858e+01 
 4.46683592e+09 -7.27362835e+01  4.46683592e+09  1.62294485e+01 
 5.01187234e+09 -7.26396749e+01  5.01187234e+09  1.38613881e+01 
 5.62341325e+09 -7.25611725e+01  5.62341325e+09  1.15913082e+01 
 6.30957344e+09 -7.24986469e+01  6.30957344e+09  9.41125232e+00 
 7.07945784e+09 -7.24501503e+01  7.07945784e+09  7.30944262e+00 
 7.94328235e+09 -7.24140170e+01  7.94328235e+09  5.27114820e+00 
 8.91250938e+09 -7.23889203e+01  8.91250938e+09  3.27942313e+00 
 1.00000000e+10 -7.23739029e+01  1.00000000e+10  1.31569714e+00 
